[VERSION]
Num = 1
[1f5b8b]
Flag = 1 0 0 0 1 0 0 0 0 0 0 0 0 0 0 0 
[1f668e]
Flag = 1 0 0 1 0 0 0 0 0 0 0 0 0 0 0 0 
[22e281]
Flag = 1 0 0 0 0 0 0 0 0 0 0 0 0 0 0 0 
[22ed84]
Flag = 1 0 0 0 0 0 0 0 0 0 0 0 0 0 0 0 
[24c705]
Flag = 1 0 0 0 0 0 0 0 0 0 0 0 0 0 0 0 
[2a3d82]
Flag = 1 0 0 0 0 0 0 0 0 0 0 0 0 0 0 0 
[8dc6a0]
Flag = 1 0 0 0 1 0 0 0 0 0 0 0 0 0 0 0 
[9afb39]
Flag = 1 0 0 0 0 0 0 0 0 0 0 0 0 0 0 0 
[8df2ac]
Flag = 1 0 0 0 1 0 0 0 0 0 0 0 0 0 0 0 
[a7d7ba]
Flag = 1 0 0 0 1 0 0 0 0 0 0 0 0 0 0 0 
[284dfb]
Flag = 1 0 0 0 0 0 0 0 0 0 0 0 0 0 0 0 
[db8bd0]
Flag = 1 0 0 0 0 0 0 0 0 0 0 0 0 0 0 0 
[2b0ebb]
Flag = 1 0 0 0 0 0 0 0 0 0 0 0 0 0 0 0 
[2b19be]
Flag = 1 0 0 0 0 0 0 0 0 0 0 0 0 0 0 0 
[ef2928]
Flag = 1 0 1 0 0 0 0 0 0 0 0 0 0 0 0 0 
[f25806]
Flag = 1 0 0 0 0 1 0 0 0 0 0 0 0 0 0 0 5 
[389069]
Flag = 1 1 0 0 0 0 0 0 0 0 0 0 0 0 0 0 
[2fbf02]
Flag = 1 1 0 0 0 0 0 0 0 0 0 0 0 0 0 0 
[3232ad]
Flag = 1 0 0 0 0 0 0 0 0 0 0 0 0 0 0 0 
[438866]
Flag = 1 0 0 0 0 0 0 0 0 0 0 0 0 0 0 0 
[368adc]
Flag = 1 0 0 0 0 1 0 0 0 0 0 0 0 0 0 0 
[3b3020]
Flag = 1 0 0 0 0 0 0 0 0 0 0 0 0 0 0 0 
[2387ae]
Flag = 1 0 0 0 0 0 0 0 0 0 0 0 0 0 0 0 
[3beb53]
Flag = 1 0 0 0 1 0 0 0 0 0 0 0 0 0 0 0 
[35c4a6]
Flag = 1 0 0 0 0 0 0 0 0 0 0 0 0 0 0 0 
[40d2a9]
Flag = 1 0 0 0 0 1 0 0 0 0 0 0 0 0 0 0 
[498307]
Flag = 1 0 0 0 1 0 0 0 0 0 0 0 0 0 0 0 
[2392b1]
Flag = 1 0 0 0 0 0 0 0 0 0 0 0 0 0 0 0 
[4577ed]
Flag = 1 0 1 0 0 0 0 0 0 0 0 0 0 0 0 0 
[45a3f9]
Flag = 1 1 1 0 0 0 0 0 0 0 0 0 0 0 0 0 
[48a6cb]
Flag = 1 0 0 0 0 0 0 0 0 0 0 0 0 0 0 0 
[4f72a5]
Flag = 1 1 0 0 0 0 0 0 0 0 0 0 0 0 0 0 
[52807a]
Flag = 1 0 0 0 0 0 0 0 0 0 0 0 0 0 0 0 
[fffff4fd]
Flag = 1 0 0 0 0 0 0 0 0 0 0 0 0 0 0 0 
[587b1b]
Flag = 1 0 0 0 0 0 0 0 0 0 0 0 0 0 0 0 5 
[589c24]
Flag = 1 0 0 0 0 0 0 0 0 0 0 0 0 0 0 0 
[55db64]
Flag = 1 0 0 1 0 0 0 0 0 0 0 0 0 0 0 0 
[5f7e04]
Flag = 1 0 0 0 0 0 1 0 0 0 0 0 0 0 0 0 
[7c23d2]
Flag = 1 0 0 0 0 0 0 0 0 0 0 0 0 0 0 0 
[85fd81]
Flag = 1 0 0 0 1 0 0 0 0 0 0 0 0 0 0 0 5 
[86298d]
Flag = 1 1 0 0 0 0 0 0 0 0 0 0 0 0 0 0 5 
[865599]
Flag = 1 0 0 0 0 0 0 0 0 0 0 0 0 0 0 0 
[8681a5]
Flag = 1 0 0 0 0 0 0 0 0 0 0 0 0 0 0 0 
[8697ab]
Flag = 1 0 0 0 0 0 0 0 0 0 0 0 0 0 0 0 
[86adb1]
Flag = 1 0 0 0 0 0 0 0 0 0 0 0 0 0 0 0 
[86c3b7]
Flag = 1 0 0 0 0 0 0 0 0 0 0 0 0 0 0 0 
[458df3]
Flag = 1 0 1 0 0 0 0 0 0 0 0 0 0 0 0 0 
[9d58de]
Flag = 1 0 0 0 0 0 0 1 1 0 0 0 0 0 0 0 
[82efac]
Flag = 1 0 0 0 0 0 0 0 0 0 0 0 0 0 0 0 
[831bb8]
Flag = 1 0 0 0 0 0 0 0 0 0 0 0 0 0 0 0 
[94927a]
Flag = 1 0 1 0 0 0 0 0 0 0 0 0 0 0 0 0 5 
[94be86]
Flag = 1 0 0 0 0 0 0 0 0 0 0 0 0 0 0 0 
[94d48c]
Flag = 1 0 0 0 0 0 0 0 0 0 0 0 0 0 0 0 
[94df8f]
Flag = 1 0 0 0 0 0 0 0 0 0 0 0 0 0 0 0 
[94ea92]
Flag = 1 0 0 0 0 0 0 0 0 0 0 0 0 0 0 0 
[94f595]
Flag = 1 0 0 0 0 0 0 0 0 0 0 0 0 0 0 0 
[93c141]
Flag = 1 1 0 0 0 0 0 0 0 0 0 0 0 0 0 0 
[9f5368]
Flag = 1 0 0 0 0 0 0 0 0 0 0 0 0 0 0 0 5 
[9f696e]
Flag = 1 0 0 0 0 0 0 0 0 0 0 0 0 0 0 0 
[9f7f74]
Flag = 1 0 0 0 0 0 0 0 0 0 0 0 0 0 0 0 
[a00398]
Flag = 1 0 0 0 0 0 0 0 0 0 0 0 0 0 0 0 
[9f8a77]
Flag = 1 0 0 0 0 0 0 0 0 0 0 0 0 0 0 0 
[9f957a]
Flag = 1 0 0 0 0 0 0 0 0 0 0 0 0 0 0 0 
[9fa07d]
Flag = 1 0 0 0 0 0 0 0 0 0 0 0 0 0 0 0 
[e55a7c]
Flag = 1 0 0 0 0 0 0 1 0 0 0 0 0 0 0 0 
[ba1fb5]
Flag = 1 0 0 0 0 0 0 0 0 0 0 0 0 0 0 0 
[ae4079]
Flag = 1 1 1 0 0 0 0 0 0 0 0 0 0 0 0 0 5 
[ae6c85]
Flag = 1 0 0 0 0 0 0 0 0 0 0 0 0 0 0 0 
[aeae97]
Flag = 1 0 0 0 0 0 0 0 0 0 0 0 0 0 0 0 
[aeb99a]
Flag = 1 0 0 0 0 0 0 0 0 0 0 0 0 0 0 0 
[aec49d]
Flag = 1 0 0 0 0 0 0 0 0 0 0 0 0 0 0 0 
[aecfa0]
Flag = 1 0 0 0 0 0 0 0 0 0 0 0 0 0 0 0 
[acd516]
Flag = 1 0 0 0 0 0 0 0 0 0 0 0 0 0 0 0 
[becffc]
Flag = 1 1 0 0 0 0 0 0 0 0 0 0 0 0 0 0 5 
[bee602]
Flag = 1 0 0 0 0 0 0 0 0 0 0 0 0 0 0 0 
[bf120e]
Flag = 1 0 0 0 0 0 0 0 0 0 0 0 0 0 0 0 
[bf1d11]
Flag = 1 0 0 0 0 0 0 0 0 0 0 0 0 0 0 0 
[bf3317]
Flag = 1 0 0 0 0 0 0 0 0 0 0 0 0 0 0 0 
[bf3e1a]
Flag = 1 0 0 0 0 0 0 0 0 0 0 0 0 0 0 0 
[cd38e9]
Flag = 1 1 1 0 0 0 0 0 0 0 0 0 0 0 0 0 5 
[cd4eef]
Flag = 1 0 0 0 0 0 0 0 0 0 0 0 0 0 0 0 
[cd59f2]
Flag = 1 0 0 0 0 0 0 0 0 0 0 0 0 0 0 0 
[cd64f5]
Flag = 1 0 0 0 0 0 0 0 0 0 0 0 0 0 0 0 
[cd6ff8]
Flag = 1 0 0 0 0 0 0 0 0 0 0 0 0 0 0 0 
[cd7afb]
Flag = 1 0 0 0 0 0 0 0 0 0 0 0 0 0 0 0 
[f15ac1]
Flag = 1 1 0 0 0 0 0 0 0 0 0 0 0 0 0 0 5 
[f170c7]
Flag = 1 0 0 0 0 0 0 0 0 0 0 0 0 0 0 0 
[f17bca]
Flag = 1 0 0 1 0 0 0 0 0 0 0 0 0 0 0 0 
[f186cd]
Flag = 1 0 0 0 0 0 0 0 0 0 0 0 0 0 0 0 
[f191d0]
Flag = 1 0 0 0 0 0 0 0 0 0 0 0 0 0 0 0 
[f19cd3]
Flag = 1 0 0 0 0 0 0 0 0 0 0 0 0 0 0 0 
[f523c9]
Flag = 1 0 0 0 0 0 0 1 0 0 0 0 0 0 0 0 5 
[f52ecc]
Flag = 1 0 0 0 0 0 0 0 0 0 0 0 0 0 0 0 
[f539cf]
Flag = 1 0 0 0 0 0 0 0 0 0 0 0 0 0 0 0 
[f55ad8]
Flag = 1 0 0 0 0 0 0 0 0 0 0 0 0 0 0 0 
[f565db]
Flag = 1 0 0 0 0 0 0 0 0 0 0 0 0 0 0 0 
[f570de]
Flag = 1 0 0 0 0 0 0 0 0 0 0 0 0 0 0 0 
[1055b34]
Flag = 1 0 0 0 0 0 0 0 0 0 0 0 0 0 0 0 
[1056637]
Flag = 1 0 0 0 0 0 0 0 0 0 0 0 0 0 0 0 
[106637c]
Flag = 1 1 1 0 0 0 0 0 0 0 0 0 0 0 0 0 
[1058740]
Flag = 1 0 0 0 0 0 0 0 0 0 0 0 0 0 0 0 
[1057c3d]
Flag = 1 0 0 0 0 0 0 0 0 0 0 0 0 0 0 0 
[2d986c]
Flag = 2 0 0 0 0 0 0 0 0 0 0 0 0 0 0 0 
[5d0a59]
Flag = 2 0 0 0 0 0 0 0 0 0 0 0 0 0 0 0 
[6c6588]
Flag = 2 0 0 0 0 0 0 0 0 0 0 0 0 0 0 0 
[fffff4fd]
Flag = 2 0 0 0 0 0 0 0 0 0 0 0 0 0 0 0 
[71dc05]
Flag = 2 0 0 0 0 0 0 0 0 0 0 0 0 0 0 0 5 
[720811]
Flag = 2 0 0 0 0 0 0 0 0 0 0 0 0 0 0 0 
[72341d]
Flag = 2 0 0 0 0 0 0 0 0 0 0 0 0 0 0 0 
[724a23]
Flag = 2 0 0 0 0 0 0 0 0 0 0 0 0 0 0 0 
[725526]
Flag = 2 0 0 0 0 0 0 0 0 0 0 0 0 0 0 0 
[726029]
Flag = 2 0 0 0 0 0 0 0 0 0 0 0 0 0 0 0 
[6d99dc]
Flag = 2 0 0 0 1 0 0 0 0 0 0 0 0 0 0 0 
[6d83d6]
Flag = 2 0 0 0 0 0 0 0 0 0 0 0 0 0 0 0 
[7a4a51]
Flag = 2 0 0 0 0 0 0 0 0 0 0 0 0 0 0 0 
[847115]
Flag = 2 -1 0 0 0 0 0 0 0 0 0 0 0 0 0 0 
[f923e0]
Flag = 2 -1 0 0 0 0 0 0 0 0 0 0 0 0 0 0 
[f94fec]
Flag = 2 1 0 0 0 0 0 0 0 0 0 0 0 0 0 0 
[f95aef]
Flag = 2 0 0 0 0 0 0 0 0 0 0 0 0 0 0 0 
[f965f2]
Flag = 2 0 0 0 0 0 0 0 0 0 0 0 0 0 0 0 
[1d981]
Flag = 4 0 0 0 0 0 0 0 0 0 0 0 0 0 0 0 
[84d43]
Flag = 4 0 0 0 0 0 0 0 0 0 0 0 0 0 0 0 
[391f9]
Flag = 4 0 0 0 0 0 0 0 0 0 0 0 0 0 0 0 
[3ea11]
Flag = 4 0 0 0 0 0 0 0 0 0 0 0 0 0 0 0 
[4bb4a]
Flag = 4 0 0 0 0 0 0 0 0 0 0 0 0 0 0 0 
[4e756]
Flag = 4 0 0 0 0 0 0 0 0 0 0 0 0 0 0 0 
[5ad8c]
Flag = 4 0 0 0 0 0 0 0 0 0 0 0 0 0 0 0 
[668bf]
Flag = 4 0 0 0 0 0 0 0 0 0 0 0 0 0 0 0 
[6aad1]
Flag = 4 0 0 0 0 0 0 0 0 0 0 0 0 0 0 0 
[6e1e0]
Flag = 4 0 0 0 0 0 0 0 0 0 0 0 0 0 0 0 
[744fb]
Flag = 4 0 0 0 0 0 0 0 0 0 0 0 0 0 0 0 
[7c91f]
Flag = 4 0 0 0 0 0 0 0 0 0 0 0 0 0 0 0 
[8fd73]
Flag = 4 0 0 1 0 0 0 0 0 0 0 0 0 0 0 0 
[9e4b2]
Flag = 4 0 0 0 0 0 0 0 0 0 0 0 0 0 0 0 
[b9227]
Flag = 4 0 0 0 0 0 0 0 0 0 0 0 0 0 0 0 
[bbe33]
Flag = 4 0 0 0 0 0 0 0 0 0 0 0 0 0 0 0 
[a05bb]
Flag = 4 0 0 0 0 0 0 0 0 0 0 0 0 0 0 0 
[aecfa]
Flag = 4 0 0 0 0 0 0 0 0 0 0 0 0 0 0 0 
[b4512]
Flag = 4 0 0 0 0 0 0 0 0 0 0 0 0 0 0 0 
[49fc28]
Flag = 8 0 0 1 0 0 0 0 0 0 0 0 0 0 0 0 
[b05109]
Flag = 32 0 0 0 0 0 0 0 0 0 0 0 0 0 0 1 
[b282a2]
Flag = 32 0 0 0 0 0 0 0 0 0 0 0 0 0 0 1 
[ac50f2]
Flag = 32 0 0 0 0 0 0 0 0 0 0 0 0 0 0 1 
[ac7cfe]
Flag = 32 0 0 0 0 0 0 0 0 0 0 0 0 0 0 1 
[c94ed8]
Flag = 32 0 0 1 0 0 0 0 0 0 1 0 0 0 1 0 
[c97ae4]
Flag = 32 0 0 1 0 0 0 0 0 0 1 0 0 0 1 0 
[c8f6c0]
Flag = 32 0 0 1 0 0 0 0 0 0 1 0 0 0 1 0 
[c922cc]
Flag = 32 0 0 1 0 0 0 0 0 0 1 0 0 0 1 0 
[d3759c]
Flag = 32 0 0 0 0 0 0 0 0 0 0 0 0 0 1 0 
[d3acab]
Flag = 32 0 0 0 0 0 0 0 0 0 0 0 0 0 0 1 
[cfe3a3]
Flag = 32 0 0 0 0 0 0 0 0 0 0 0 0 0 0 1 
[d01ab2]
Flag = 32 0 0 0 0 0 0 0 0 0 0 0 0 0 0 1 
[e9448d]
Flag = 32 0 1 0 0 0 0 0 0 0 0 0 0 0 0 0 
[8b05e]
Flag = 32 0 0 0 0 0 0 0 0 0 0 0 0 0 0 0 
[b2f0c]
Flag = 32 0 0 0 0 0 0 0 0 0 0 0 0 0 0 0 
[fbb894]
Flag = 32 1 0 0 0 0 1 0 0 1 1 0 0 0 1 0 
[700d87]
Flag = 16 0 0 0 0 1 0 0 0 0 0 0 0 0 0 0 
[6faa6c]
Flag = 16 0 0 0 0 0 0 0 0 0 0 0 0 0 0 0 
[6fc072]
Flag = 16 0 0 0 0 0 0 0 0 0 0 0 0 0 0 0 
[70659f]
Flag = 16 0 0 0 0 1 0 0 0 0 0 0 0 0 0 0 
[6fe17b]
Flag = 16 0 0 0 1 0 0 0 0 0 0 0 0 0 0 0 
[704f99]
Flag = 16 0 0 0 1 0 0 0 0 0 0 0 0 0 0 0 
[6f685a]
Flag = 16 0 0 0 0 0 0 0 0 0 0 0 0 0 0 0 
[6fd678]
Flag = 16 0 0 0 0 0 0 0 0 0 0 0 0 0 0 0 
[703993]
Flag = 16 0 0 0 0 0 0 0 0 0 0 0 0 0 0 0 
[70a7b1]
Flag = 16 1 1 0 0 0 0 0 0 0 0 0 0 0 0 0 
[dedbb7]
Flag = 16 0 0 0 1 0 0 0 0 0 0 0 0 0 0 0 5 
[dee6ba]
Flag = 16 0 0 0 0 0 0 0 0 0 0 0 0 0 0 0 5 
[def1bd]
Flag = 16 0 0 0 0 0 0 0 0 0 0 0 0 0 0 0 
[defcc0]
Flag = 16 0 0 0 0 0 0 0 0 0 0 0 0 0 0 0 
[f2dc2a]
Flag = 16 0 0 0 0 0 0 0 0 0 0 0 0 0 0 0 
